$ 1 0.000005 382.76258214399064 53 5 50 5e-11
v 320 144 320 208 0 0 40 9 0 0 0.5
s 320 208 320 256 0 1 false
w 320 144 416 144 0
w 416 144 480 144 0
w 480 144 560 144 0
w 560 144 640 144 0
162 416 256 480 256 2 default-led 1 0 0 0.01
162 560 256 640 256 2 default-led 1 0 0 0.01
w 320 256 416 256 0
w 480 256 560 256 0
c 416 144 416 256 4 0.001 -2.099906319930357 0.001 0.1
r 480 144 480 256 0 1220
c 560 144 560 256 4 0.001 -0.6583564626668926 0.001 0
r 640 144 640 256 0 661
w 640 256 720 256 0
w 640 144 720 144 0
w 720 144 800 144 0
162 720 256 800 256 2 default-led 1 0 0 0.01
c 720 256 720 144 4 0.00001 0.0000575591977376633 0.001 0
r 800 256 800 144 0 200
